lon lat cmedv crim zn indus chas nox rm age dis rad tax ptratio b lstat
-70.9550 42.2550 24.0  0.00632  18.0  2.31 0 0.5380 6.575  65.2  4.0900  1 296 15.3 396.90  4.98
-70.9500 42.2875 21.6  0.02731   0.0  7.07 0 0.4690 6.421  78.9  4.9671  2 242 17.8 396.90  9.14
-70.9360 42.2830 34.7  0.02729   0.0  7.07 0 0.4690 7.185  61.1  4.9671  2 242 17.8 392.83  4.03
-70.9280 42.2930 33.4  0.03237   0.0  2.18 0 0.4580 6.998  45.8  6.0622  3 222 18.7 394.63  2.94
-70.9220 42.2980 36.2  0.06905   0.0  2.18 0 0.4580 7.147  54.2  6.0622  3 222 18.7 396.90  5.33
-70.9165 42.3040 28.7  0.02985   0.0  2.18 0 0.4580 6.430  58.7  6.0622  3 222 18.7 394.12  5.21
-70.9360 42.2970 22.9  0.08829  12.5  7.87 0 0.5240 6.012  66.6  5.5605  5 311 15.2 395.60 12.43
-70.9375 42.3100 22.1  0.14455  12.5  7.87 0 0.5240 6.172  96.1  5.9505  5 311 15.2 396.90 19.15
-70.9330 42.3120 16.5  0.21124  12.5  7.87 0 0.5240 5.631 100.0  6.0821  5 311 15.2 386.63 29.93
-70.9290 42.3160 18.9  0.17004  12.5  7.87 0 0.5240 6.004  85.9  6.5921  5 311 15.2 386.71 17.10
-70.9350 42.3160 15.0  0.22489  12.5  7.87 0 0.5240 6.377  94.3  6.3467  5 311 15.2 392.52 20.45
-70.9440 42.3170 18.9  0.11747  12.5  7.87 0 0.5240 6.009  82.9  6.2267  5 311 15.2 396.90 13.27
-70.9510 42.3060 21.7  0.09378  12.5  7.87 0 0.5240 5.889  39.0  5.4509  5 311 15.2 390.50 15.71
-70.9645 42.2920 20.4  0.62976   0.0  8.14 0 0.5380 5.949  61.8  4.7075  4 307 21.0 396.90  8.26
-70.9720 42.2870 18.2  0.63796   0.0  8.14 0 0.5380 6.096  84.5  4.4619  4 307 21.0 380.02 10.26
-70.9765 42.2940 19.9  0.62739   0.0  8.14 0 0.5380 5.834  56.5  4.4986  4 307 21.0 395.62  8.47
-70.9870 42.2985 23.1  1.05393   0.0  8.14 0 0.5380 5.935  29.3  4.4986  4 307 21.0 386.85  6.58
-70.9780 42.2850 17.5  0.78420   0.0  8.14 0 0.5380 5.990  81.7  4.2579  4 307 21.0 386.75 14.67
-70.9925 42.2825 20.2  0.80271   0.0  8.14 0 0.5380 5.456  36.6  3.7965  4 307 21.0 288.99 11.69
-70.9880 42.2776 18.2  0.72580   0.0  8.14 0 0.5380 5.727  69.5  3.7965  4 307 21.0 390.95 11.28
-70.9835 42.2770 13.6  1.25179   0.0  8.14 0 0.5380 5.570  98.1  3.7979  4 307 21.0 376.57 21.02
-70.9820 42.2810 19.6  0.85204   0.0  8.14 0 0.5380 5.965  89.2  4.0123  4 307 21.0 392.53 13.83
-70.9775 42.2790 15.2  1.23247   0.0  8.14 0 0.5380 6.142  91.7  3.9769  4 307 21.0 396.90 18.72
-70.9730 42.2790 14.5  0.98843   0.0  8.14 0 0.5380 5.813 100.0  4.0952  4 307 21.0 394.54 19.88
-70.9693 42.2816 15.6  0.75026   0.0  8.14 0 0.5380 5.924  94.1  4.3996  4 307 21.0 394.33 16.30
-70.9640 42.2840 13.9  0.84054   0.0  8.14 0 0.5380 5.599  85.7  4.4546  4 307 21.0 303.42 16.51
-70.9597 42.2870 16.6  0.67191   0.0  8.14 0 0.5380 5.813  90.3  4.6820  4 307 21.0 376.88 14.81
-70.9597 42.2825 14.8  0.95577   0.0  8.14 0 0.5380 6.047  88.8  4.4534  4 307 21.0 306.38 17.28
-70.9570 42.2800 18.4  0.77299   0.0  8.14 0 0.5380 6.495  94.4  4.4547  4 307 21.0 387.94 12.80
-70.9510 42.2780 21.0  1.00245   0.0  8.14 0 0.5380 6.674  87.3  4.2390  4 307 21.0 380.23 11.98
-70.9670 42.2790 12.7  1.13081   0.0  8.14 0 0.5380 5.713  94.1  4.2330  4 307 21.0 360.17 22.60
-70.9640 42.2765 14.5  1.35472   0.0  8.14 0 0.5380 6.072 100.0  4.1750  4 307 21.0 376.73 13.04
-70.9720 42.2765 13.2  1.38799   0.0  8.14 0 0.5380 5.950  82.0  3.9900  4 307 21.0 232.60 27.71
-70.9795 42.2760 13.1  1.15172   0.0  8.14 0 0.5380 5.701  95.0  3.7872  4 307 21.0 358.77 18.35
-70.9775 42.2720 13.5  1.61282   0.0  8.14 0 0.5380 6.096  96.9  3.7598  4 307 21.0 248.31 20.34
-71.0000 42.2700 18.9  0.06417   0.0  5.96 0 0.4990 5.933  68.2  3.3603  5 279 19.2 396.90  9.68
-71.0080 42.2745 20.0  0.09744   0.0  5.96 0 0.4990 5.841  61.4  3.3779  5 279 19.2 377.56 11.41
-71.0040 42.2865 21.0  0.08014   0.0  5.96 0 0.4990 5.850  41.5  3.9342  5 279 19.2 396.90  8.77
-71.0200 42.2875 24.2  0.17505   0.0  5.96 0 0.4990 5.966  30.2  3.8473  5 279 19.2 393.43 10.13
-71.0130 42.3130 30.8  0.02763  75.0  2.95 0 0.4280 6.595  21.8  5.4011  3 252 18.3 395.63  4.32
-71.0300 42.3240 34.9  0.03359  75.0  2.95 0 0.4280 7.024  15.8  5.4011  3 252 18.3 395.62  1.98
-71.0040 42.3350 26.6  0.12744   0.0  6.91 0 0.4480 6.770   2.9  5.7209  3 233 17.9 385.41  4.84
-71.0030 42.3235 25.3  0.14150   0.0  6.91 0 0.4480 6.169   6.6  5.7209  3 233 17.9 383.37  5.81
-70.9775 42.3237 24.7  0.15936   0.0  6.91 0 0.4480 6.211   6.5  5.7209  3 233 17.9 394.46  7.44
-70.9675 42.3170 21.2  0.12269   0.0  6.91 0 0.4480 6.069  40.0  5.7209  3 233 17.9 389.39  9.55
-70.9725 42.3075 19.3  0.17142   0.0  6.91 0 0.4480 5.682  33.8  5.1004  3 233 17.9 396.90 10.21
-70.9650 42.3075 20.0  0.18836   0.0  6.91 0 0.4480 5.786  33.3  5.1004  3 233 17.9 396.90 14.15
-70.9560 42.3125 16.6  0.22927   0.0  6.91 0 0.4480 6.030  85.5  5.6894  3 233 17.9 392.74 18.80
-70.9550 42.3165 14.4  0.25387   0.0  6.91 0 0.4480 5.399  95.3  5.8700  3 233 17.9 396.90 30.81
-70.9525 42.3208 19.4  0.21977   0.0  6.91 0 0.4480 5.602  62.0  6.0877  3 233 17.9 396.90 16.20
-70.9510 42.3340 19.7  0.08873  21.0  5.64 0 0.4390 5.963  45.7  6.8147  4 243 16.8 395.56 13.45
-70.9630 42.3382 20.5  0.04337  21.0  5.64 0 0.4390 6.115  63.0  6.8147  4 243 16.8 393.97  9.43
-70.9580 42.3460 25.0  0.05360  21.0  5.64 0 0.4390 6.511  21.1  6.8147  4 243 16.8 396.90  5.28
-70.9780 42.3425 23.4  0.04981  21.0  5.64 0 0.4390 5.998  21.4  6.8147  4 243 16.8 396.90  8.43
-71.0175 42.3715 18.9  0.01360  75.0  4.00 0 0.4100 5.888  47.6  7.3197  3 469 21.1 396.90 14.80
-70.9625 42.3810 35.4  0.01311  90.0  1.22 0 0.4030 7.249  21.9  8.6966  5 226 17.9 395.93  4.81
-70.9300 42.3740 24.7  0.02055  85.0  0.74 0 0.4100 6.383  35.7  9.1876  2 313 17.3 396.90  5.77
-70.9295 42.3715 31.6  0.01432 100.0  1.32 0 0.4110 6.816  40.5  8.3248  5 256 15.1 392.90  3.95
-70.9385 42.3460 23.3  0.15445  25.0  5.13 0 0.4530 6.145  29.2  7.8148  8 284 19.7 390.68  6.86
-70.9400 42.3320 19.6  0.10328  25.0  5.13 0 0.4530 5.927  47.2  6.9320  8 284 19.7 396.90  9.22
-70.9300 42.3370 18.7  0.14932  25.0  5.13 0 0.4530 5.741  66.2  7.2254  8 284 19.7 395.11 13.15
-70.9300 42.3275 16.0  0.17171  25.0  5.13 0 0.4530 5.966  93.4  6.8185  8 284 19.7 378.08 14.44
-70.9215 42.3320 22.2  0.11027  25.0  5.13 0 0.4530 6.456  67.8  7.2255  8 284 19.7 396.90  6.73
-70.9075 42.3390 25.0  0.12650  25.0  5.13 0 0.4530 6.762  43.4  7.9809  8 284 19.7 395.58  9.50
-70.8600 42.3450 33.0  0.01951  17.5  1.38 0 0.4161 7.104  59.5  9.2229  3 216 18.6 393.24  8.05
-71.0450 42.3450 23.5  0.03584  80.0  3.37 0 0.3980 6.290  17.8  6.6115  4 337 16.1 396.90  4.67
-71.0690 42.3525 19.4  0.04379  80.0  3.37 0 0.3980 5.787  31.1  6.6115  4 337 16.1 396.90 10.24
-71.0900 42.3362 22.0  0.05789  12.5  6.07 0 0.4090 5.878  21.4  6.4980  4 345 18.9 396.21  8.10
-71.1080 42.3400 17.4  0.13554  12.5  6.07 0 0.4090 5.594  36.8  6.4980  4 345 18.9 396.90 13.09
-71.1110 42.3270 20.9  0.12816  12.5  6.07 0 0.4090 5.885  33.0  6.4980  4 345 18.9 396.90  8.79
-71.1210 42.3160 24.2  0.08826   0.0 10.81 0 0.4130 6.417   6.6  5.2873  4 305 19.2 383.73  6.72
-71.1095 42.3008 21.7  0.15876   0.0 10.81 0 0.4130 5.961  17.5  5.2873  4 305 19.2 376.94  9.88
-71.1300 42.3050 22.8  0.09164   0.0 10.81 0 0.4130 6.065   7.8  5.2873  4 305 19.2 390.91  5.52
-71.1230 42.2920 23.4  0.19539   0.0 10.81 0 0.4130 6.245   6.2  5.2873  4 305 19.2 377.17  7.54
-71.1105 42.2890 24.1  0.07896   0.0 12.83 0 0.4370 6.273   6.0  4.2515  5 398 18.7 394.92  6.78
-71.1000 42.2875 21.4  0.09512   0.0 12.83 0 0.4370 6.286  45.0  4.5026  5 398 18.7 383.23  8.94
-71.0900 42.2835 20.0  0.10153   0.0 12.83 0 0.4370 6.279  74.5  4.0522  5 398 18.7 373.66 11.97
-71.0760 42.2895 20.8  0.08707   0.0 12.83 0 0.4370 6.140  45.8  4.0905  5 398 18.7 386.96 10.27
-71.0905 42.2950 21.2  0.05646   0.0 12.83 0 0.4370 6.232  53.7  5.0141  5 398 18.7 386.40 12.34
-71.0910 42.3050 20.3  0.08387   0.0 12.83 0 0.4370 5.874  36.6  4.5026  5 398 18.7 396.06  9.10
-71.0685 42.3080 28.0  0.04113  25.0  4.86 0 0.4260 6.727  33.5  5.4007  4 281 19.0 396.90  5.29
-71.0690 42.3150 23.9  0.04462  25.0  4.86 0 0.4260 6.619  70.4  5.4007  4 281 19.0 395.63  7.22
-71.0675 42.3260 24.8  0.03659  25.0  4.86 0 0.4260 6.302  32.2  5.4007  4 281 19.0 396.90  6.72
-71.0575 42.3170 22.9  0.03551  25.0  4.86 0 0.4260 6.167  46.7  5.4007  4 281 19.0 390.64  7.51
-71.0430 42.3075 23.9  0.05059   0.0  4.49 0 0.4490 6.389  48.0  4.7794  3 247 18.5 396.90  9.62
-71.0500 42.3000 26.6  0.05735   0.0  4.49 0 0.4490 6.630  56.1  4.4377  3 247 18.5 392.30  6.53
-71.0330 42.3050 22.5  0.05188   0.0  4.49 0 0.4490 6.015  45.1  4.4272  3 247 18.5 395.99 12.86
-71.0390 42.2885 22.2  0.07151   0.0  4.49 0 0.4490 6.121  56.8  3.7476  3 247 18.5 395.15  8.44
-71.0420 42.2796 23.6  0.05660   0.0  3.41 0 0.4890 7.007  86.3  3.4217  2 270 17.8 396.90  5.50
-71.0345 42.2785 28.7  0.05302   0.0  3.41 0 0.4890 7.079  63.1  3.4145  2 270 17.8 396.06  5.70
-71.0300 42.2720 22.6  0.04684   0.0  3.41 0 0.4890 6.417  66.1  3.0923  2 270 17.8 392.18  8.81
-71.0425 42.2715 22.0  0.03932   0.0  3.41 0 0.4890 6.405  73.9  3.0921  2 270 17.8 393.55  8.20
-71.0530 42.2830 22.9  0.04203  28.0 15.04 0 0.4640 6.442  53.6  3.6659  4 270 18.2 395.01  8.16
-71.0620 42.2960 25.0  0.02875  28.0 15.04 0 0.4640 6.211  28.9  3.6659  4 270 18.2 396.33  6.21
-71.0615 42.2840 20.6  0.04294  28.0 15.04 0 0.4640 6.249  77.3  3.6150  4 270 18.2 396.90 10.59
-71.0760 42.2775 28.4  0.12204   0.0  2.89 0 0.4450 6.625  57.8  3.4952  2 276 18.0 357.98  6.65
-71.0850 42.2775 21.4  0.11504   0.0  2.89 0 0.4450 6.163  69.6  3.4952  2 276 18.0 391.83 11.34
-71.0890 42.2715 38.7  0.12083   0.0  2.89 0 0.4450 8.069  76.0  3.4952  2 276 18.0 396.90  4.21
-71.0982 42.2685 43.8  0.08187   0.0  2.89 0 0.4450 7.820  36.9  3.4952  2 276 18.0 393.53  3.57
-71.0800 42.2680 33.2  0.06860   0.0  2.89 0 0.4450 7.416  62.5  3.4952  2 276 18.0 396.90  6.19
-71.0668 42.2545 27.5  0.14866   0.0  8.56 0 0.5200 6.727  79.9  2.7778  5 384 20.9 394.76  9.42
-71.0810 42.2450 26.5  0.11432   0.0  8.56 0 0.5200 6.781  71.3  2.8561  5 384 20.9 395.58  7.67
-71.0812 42.2515 18.6  0.22876   0.0  8.56 0 0.5200 6.405  85.4  2.7147  5 384 20.9  70.80 10.63
-71.0770 42.2490 19.3  0.21161   0.0  8.56 0 0.5200 6.137  87.4  2.7147  5 384 20.9 394.47 13.44
-71.0690 42.2480 20.1  0.13960   0.0  8.56 0 0.5200 6.167  90.0  2.4210  5 384 20.9 392.69 12.33
-71.0662 42.2425 19.5  0.13262   0.0  8.56 0 0.5200 5.851  96.7  2.1069  5 384 20.9 394.05 16.47
-71.0622 42.2431 19.5  0.17120   0.0  8.56 0 0.5200 5.836  91.9  2.2110  5 384 20.9 395.67 18.66
-71.0553 42.2465 20.4  0.13117   0.0  8.56 0 0.5200 6.127  85.2  2.1224  5 384 20.9 387.69 14.09
-71.0550 42.2505 19.8  0.12802   0.0  8.56 0 0.5200 6.474  97.1  2.4329  5 384 20.9 395.24 12.27
-71.0600 42.2540 19.4  0.26363   0.0  8.56 0 0.5200 6.229  91.2  2.5451  5 384 20.9 391.23 15.55
-71.0560 42.2605 21.7  0.10793   0.0  8.56 0 0.5200 6.195  54.4  2.7778  5 384 20.9 393.49 13.00
-71.0475 42.2610 22.8  0.10084   0.0 10.01 0 0.5470 6.715  81.6  2.6775  6 432 17.8 395.59 10.16
-71.0490 42.2530 18.8  0.12329   0.0 10.01 0 0.5470 5.913  92.9  2.3534  6 432 17.8 394.95 16.21
-71.0428 42.2580 18.7  0.22212   0.0 10.01 0 0.5470 6.092  95.4  2.5480  6 432 17.8 396.90 17.09
-71.0396 42.2512 18.5  0.14231   0.0 10.01 0 0.5470 6.254  84.2  2.2565  6 432 17.8 388.74 10.45
-71.0355 42.2545 18.3  0.17134   0.0 10.01 0 0.5470 5.928  88.2  2.4631  6 432 17.8 344.91 15.76
-71.0360 42.2608 21.2  0.13158   0.0 10.01 0 0.5470 6.176  72.5  2.7301  6 432 17.8 393.30 12.04
-71.0285 42.2620 19.2  0.15098   0.0 10.01 0 0.5470 6.021  82.6  2.7474  6 432 17.8 394.51 10.30
-71.0285 42.2580 20.4  0.13058   0.0 10.01 0 0.5470 5.872  73.1  2.4775  6 432 17.8 338.63 15.37
-71.0190 42.2605 19.3  0.14476   0.0 10.01 0 0.5470 5.731  65.2  2.7592  6 432 17.8 391.50 13.61
-71.0243 42.2483 22.0  0.06899   0.0 25.65 0 0.5810 5.870  69.7  2.2577  2 188 19.1 389.15 14.37
-71.0312 42.2505 20.3  0.07165   0.0 25.65 0 0.5810 6.004  84.1  2.1974  2 188 19.1 377.67 14.27
-71.0377 42.2470 20.5  0.09299   0.0 25.65 0 0.5810 5.961  92.9  2.0869  2 188 19.1 378.09 17.93
-71.0370 42.2435 17.3  0.15038   0.0 25.65 0 0.5810 5.856  97.0  1.9444  2 188 19.1 370.31 25.41
-71.0308 42.2450 18.8  0.09849   0.0 25.65 0 0.5810 5.879  95.8  2.0063  2 188 19.1 379.38 17.58
-71.0262 42.2431 21.4  0.16902   0.0 25.65 0 0.5810 5.986  88.4  1.9929  2 188 19.1 385.02 14.81
-71.0333 42.2395 15.7  0.38735   0.0 25.65 0 0.5810 5.613  95.6  1.7572  2 188 19.1 359.29 27.26
-71.0530 42.2355 16.2  0.25915   0.0 21.89 0 0.6240 5.693  96.0  1.7883  4 437 21.2 392.11 17.19
-71.0580 42.2350 18.0  0.32543   0.0 21.89 0 0.6240 6.431  98.8  1.8125  4 437 21.2 396.90 15.39
-71.0638 42.2368 14.3  0.88125   0.0 21.89 0 0.6240 5.637  94.7  1.9799  4 437 21.2 396.90 18.34
-71.0692 42.2390 19.2  0.34006   0.0 21.89 0 0.6240 6.458  98.9  2.1185  4 437 21.2 395.04 12.60
-71.0750 42.2400 19.6  1.19294   0.0 21.89 0 0.6240 6.326  97.7  2.2710  4 437 21.2 396.90 12.26
-71.0745 42.2405 23.0  0.59005   0.0 21.89 0 0.6240 6.372  97.9  2.3274  4 437 21.2 385.76 11.12
-71.0790 42.2450 18.4  0.32982   0.0 21.89 0 0.6240 5.822  95.4  2.4699  4 437 21.2 388.69 15.03
-71.0760 42.2405 15.6  0.97617   0.0 21.89 0 0.6240 5.757  98.4  2.3460  4 437 21.2 262.76 17.31
-71.0750 42.2362 18.1  0.55778   0.0 21.89 0 0.6240 6.335  98.2  2.1107  4 437 21.2 394.67 16.96
-71.0677 42.2335 17.4  0.32264   0.0 21.89 0 0.6240 5.942  93.5  1.9669  4 437 21.2 378.25 16.90
-71.0630 42.2325 17.1  0.35233   0.0 21.89 0 0.6240 6.454  98.4  1.8498  4 437 21.2 394.08 14.59
-71.0620 42.2275 13.3  0.24980   0.0 21.89 0 0.6240 5.857  98.2  1.6686  4 437 21.2 392.04 21.32
-71.0568 42.2300 17.8  0.54452   0.0 21.89 0 0.6240 6.151  97.9  1.6687  4 437 21.2 396.90 18.46
-71.0518 42.2312 14.0  0.29090   0.0 21.89 0 0.6240 6.174  93.6  1.6119  4 437 21.2 388.08 24.16
-71.0543 42.2265 14.4  1.62864   0.0 21.89 0 0.6240 5.019 100.0  1.4394  4 437 21.2 396.90 34.41
-71.0480 42.2222 13.4  3.32105   0.0 19.58 1 0.8710 5.403 100.0  1.3216  5 403 14.7 396.90 26.82
-71.0519 42.2230 15.6  4.09740   0.0 19.58 0 0.8710 5.468 100.0  1.4118  5 403 14.7 396.90 26.42
-71.0510 42.2205 11.8  2.77974   0.0 19.58 0 0.8710 4.903  97.8  1.3459  5 403 14.7 396.90 29.29
-71.0540 42.2190 13.8  2.37934   0.0 19.58 0 0.8710 6.130 100.0  1.4191  5 403 14.7 172.91 27.80
-71.0590 42.2210 15.6  2.15505   0.0 19.58 0 0.8710 5.628 100.0  1.5166  5 403 14.7 169.27 16.65
-71.0555 42.2222 14.6  2.36862   0.0 19.58 0 0.8710 4.926  95.7  1.4608  5 403 14.7 391.71 29.53
-71.0567 42.2240 17.8  2.33099   0.0 19.58 0 0.8710 5.186  93.8  1.5296  5 403 14.7 356.99 28.32
-71.0580 42.2230 15.4  2.73397   0.0 19.58 0 0.8710 5.597  94.9  1.5257  5 403 14.7 351.85 21.45
-71.0620 42.2236 21.5  1.65660   0.0 19.58 0 0.8710 6.122  97.3  1.6180  5 403 14.7 372.80 14.10
-71.0622 42.2205 19.6  1.49632   0.0 19.58 0 0.8710 5.404 100.0  1.5916  5 403 14.7 341.60 13.28
-71.0590 42.2170 15.3  1.12658   0.0 19.58 1 0.8710 5.012  88.0  1.6102  5 403 14.7 343.28 12.12
-71.0645 42.2150 19.4  2.14918   0.0 19.58 0 0.8710 5.709  98.5  1.6232  5 403 14.7 261.95 15.79
-71.0662 42.2162 17.0  1.41385   0.0 19.58 1 0.8710 6.129  96.0  1.7494  5 403 14.7 321.02 15.12
-71.0680 42.2150 15.6  3.53501   0.0 19.58 1 0.8710 6.152  82.6  1.7455  5 403 14.7  88.01 15.02
-71.0667 42.2200 13.1  2.44668   0.0 19.58 0 0.8710 5.272  94.0  1.7364  5 403 14.7  88.63 16.14
-71.0690 42.2285 41.3  1.22358   0.0 19.58 0 0.6050 6.943  97.4  1.8773  5 403 14.7 363.43  4.59
-71.0670 42.2245 24.3  1.34284   0.0 19.58 0 0.6050 6.066 100.0  1.7573  5 403 14.7 353.89  6.43
-71.0650 42.2223 23.3  1.42502   0.0 19.58 0 0.8710 6.510 100.0  1.7659  5 403 14.7 364.31  7.39
-71.0700 42.2214 27.0  1.27346   0.0 19.58 1 0.6050 6.250  92.6  1.7984  5 403 14.7 338.92  5.50
-71.0735 42.2282 50.0  1.46336   0.0 19.58 0 0.6050 7.489  90.8  1.9709  5 403 14.7 374.43  1.73
-71.0770 42.2250 50.0  1.83377   0.0 19.58 1 0.6050 7.802  98.2  2.0407  5 403 14.7 389.61  1.92
-71.0815 42.2250 50.0  1.51902   0.0 19.58 1 0.6050 8.375  93.9  2.1620  5 403 14.7 388.45  3.32
-71.0918 42.2265 22.7  2.24236   0.0 19.58 0 0.6050 5.854  91.8  2.4220  5 403 14.7 395.11 11.64
-71.0820 42.2295 25.0  2.92400   0.0 19.58 0 0.6050 6.101  93.0  2.2834  5 403 14.7 240.16  9.81
-71.0770 42.2305 50.0  2.01019   0.0 19.58 0 0.6050 7.929  96.2  2.0459  5 403 14.7 369.30  3.70
-71.0866 42.2345 23.8  1.80028   0.0 19.58 0 0.6050 5.877  79.2  2.4259  5 403 14.7 227.61 12.14
-71.0740 42.2331 23.8  2.30040   0.0 19.58 0 0.6050 6.319  96.1  2.1000  5 403 14.7 297.09 11.10
-71.0775 42.2351 22.3  2.44953   0.0 19.58 0 0.6050 6.402  95.2  2.2625  5 403 14.7 330.04 11.32
-71.0810 42.2368 17.4  1.20742   0.0 19.58 0 0.6050 5.875  94.6  2.4259  5 403 14.7 292.29 14.43
-71.0792 42.2390 19.1  2.31390   0.0 19.58 0 0.6050 5.880  97.3  2.3887  5 403 14.7 348.13 12.03
-71.0870 42.2416 23.1  0.13914   0.0  4.05 0 0.5100 5.572  88.5  2.5961  5 296 16.6 396.90 14.69
-71.0855 42.2450 23.6  0.09178   0.0  4.05 0 0.5100 6.416  84.1  2.6463  5 296 16.6 395.50  9.04
-71.0833 42.2475 22.6  0.08447   0.0  4.05 0 0.5100 5.859  68.7  2.7019  5 296 16.6 393.23  9.64
-71.0940 42.2575 29.4  0.06664   0.0  4.05 0 0.5100 6.546  33.1  3.1323  5 296 16.6 390.96  5.33
-71.1125 42.2550 23.2  0.07022   0.0  4.05 0 0.5100 6.020  47.2  3.5549  5 296 16.6 393.23 10.11
-71.1060 42.2512 24.6  0.05425   0.0  4.05 0 0.5100 6.315  73.4  3.3175  5 296 16.6 395.60  6.29
-71.0965 42.2470 29.9  0.06642   0.0  4.05 0 0.5100 6.860  74.4  2.9153  5 296 16.6 391.27  6.92
-71.1000 42.2408 37.2  0.05780   0.0  2.46 0 0.4880 6.980  58.4  2.8290  3 193 17.8 396.90  5.04
-71.0995 42.2345 39.8  0.06588   0.0  2.46 0 0.4880 7.765  83.3  2.7410  3 193 17.8 395.56  7.56
-71.0966 42.2282 36.2  0.06888   0.0  2.46 0 0.4880 6.144  62.2  2.5979  3 193 17.8 396.90  9.45
-71.1005 42.2287 37.9  0.09103   0.0  2.46 0 0.4880 7.155  92.2  2.7006  3 193 17.8 394.12  4.82
-71.1065 42.2300 32.5  0.10008   0.0  2.46 0 0.4880 6.563  95.6  2.8470  3 193 17.8 396.90  5.68
-71.1120 42.2300 26.4  0.08308   0.0  2.46 0 0.4880 5.604  89.8  2.9879  3 193 17.8 391.00 13.98
-71.1175 42.2350 29.6  0.06047   0.0  2.46 0 0.4880 6.153  68.8  3.2797  3 193 17.8 387.11 13.15
-71.1115 42.2442 50.0  0.05602   0.0  2.46 0 0.4880 7.831  53.6  3.1992  3 193 17.8 392.63  4.45
-71.1220 42.2565 32.0  0.07875  45.0  3.44 0 0.4370 6.782  41.1  3.7886  5 398 15.2 393.87  6.68
-71.1408 42.2550 29.8  0.12579  45.0  3.44 0 0.4370 6.556  29.1  4.5667  5 398 15.2 382.84  4.56
-71.1450 42.2651 34.9  0.08370  45.0  3.44 0 0.4370 7.185  38.9  4.5667  5 398 15.2 396.90  5.39
-71.1216 42.2700 33.0  0.09068  45.0  3.44 0 0.4370 6.951  21.5  6.4798  5 398 15.2 377.68  5.10
-71.1485 42.2765 30.5  0.06911  45.0  3.44 0 0.4370 6.739  30.8  6.4798  5 398 15.2 389.71  4.69
-71.1340 42.2785 36.4  0.08664  45.0  3.44 0 0.4370 7.178  26.3  6.4798  5 398 15.2 390.49  2.87
-71.1525 42.3000 31.1  0.02187  60.0  2.93 0 0.4010 6.800   9.9  6.2196  1 265 15.6 393.37  5.03
-71.1633 42.3030 29.1  0.01439  60.0  2.93 0 0.4010 6.604  18.8  6.2196  1 265 15.6 376.70  4.38
-71.1890 42.2525 50.0  0.01381  80.0  0.46 0 0.4220 7.875  32.0  5.6484  4 255 14.4 394.23  2.97
-71.2200 42.2715 33.3  0.04011  80.0  1.52 0 0.4040 7.287  34.1  7.3090  2 329 12.6 396.90  4.08
-71.2400 42.2725 30.3  0.04666  80.0  1.52 0 0.4040 7.107  36.6  7.3090  2 329 12.6 354.31  8.61
-71.2220 42.2890 34.6  0.03768  80.0  1.52 0 0.4040 7.274  38.3  7.3090  2 329 12.6 392.20  6.62
-71.2440 42.2425 34.9  0.03150  95.0  1.47 0 0.4030 6.975  15.3  7.6534  3 402 17.0 396.90  4.56
-71.2630 42.2225 32.9  0.01778  95.0  1.47 0 0.4030 7.135  13.9  7.6534  3 402 17.0 384.30  4.45
-71.2185 42.1955 24.1  0.03445  82.5  2.03 0 0.4150 6.162  38.4  6.2700  2 348 14.7 393.77  7.43
-71.2140 42.2180 42.3  0.02177  82.5  2.03 0 0.4150 7.610  15.7  6.2700  2 348 14.7 395.38  3.11
-71.1990 42.2320 48.5  0.03510  95.0  2.68 0 0.4161 7.853  33.2  5.1180  4 224 14.7 392.78  3.81
-71.1990 42.2058 50.0  0.02009  95.0  2.68 0 0.4161 8.034  31.9  5.1180  4 224 14.7 390.55  2.88
-71.1475 42.2445 22.6  0.13642   0.0 10.59 0 0.4890 5.891  22.3  3.9454  4 277 18.6 396.90 10.87
-71.1500 42.2308 24.4  0.22969   0.0 10.59 0 0.4890 6.326  52.5  4.3549  4 277 18.6 394.87 10.97
-71.1490 42.2268 22.5  0.25199   0.0 10.59 0 0.4890 5.783  72.7  4.3549  4 277 18.6 389.43 18.06
-71.1503 42.2220 24.4  0.13587   0.0 10.59 1 0.4890 6.064  59.1  4.2392  4 277 18.6 381.32 14.66
-71.1430 42.2217 20.0  0.43571   0.0 10.59 1 0.4890 5.344 100.0  3.8750  4 277 18.6 396.90 23.09
-71.1435 42.2177 21.7  0.17446   0.0 10.59 1 0.4890 5.960  92.1  3.8771  4 277 18.6 393.25 17.27
-71.1380 42.2216 19.3  0.37578   0.0 10.59 1 0.4890 5.404  88.6  3.6650  4 277 18.6 395.24 23.98
-71.1335 42.2250 22.4  0.21719   0.0 10.59 1 0.4890 5.807  53.8  3.6526  4 277 18.6 390.94 16.03
-71.1375 42.2355 28.1  0.14052   0.0 10.59 0 0.4890 6.375  32.3  3.9454  4 277 18.6 385.81  9.38
-71.1270 42.2350 23.7  0.28955   0.0 10.59 0 0.4890 5.412   9.8  3.5875  4 277 18.6 348.93 29.55
-71.1245 42.2277 25.0  0.19802   0.0 10.59 0 0.4890 6.182  42.4  3.9454  4 277 18.6 393.63  9.47
-71.1166 42.2230 23.3  0.04560   0.0 13.89 1 0.5500 5.888  56.0  3.1121  5 276 16.4 392.80 13.51
-71.1050 42.2235 28.7  0.07013   0.0 13.89 0 0.5500 6.642  85.1  3.4211  5 276 16.4 392.78  9.69
-71.0933 42.2220 21.5  0.11069   0.0 13.89 1 0.5500 5.951  93.8  2.8893  5 276 16.4 396.90 17.92
-71.1060 42.2185 23.0  0.11425   0.0 13.89 1 0.5500 6.373  92.4  3.3633  5 276 16.4 393.74 10.50
-71.1100 42.2137 26.7  0.35809   0.0  6.20 1 0.5070 6.951  88.5  2.8617  8 307 17.4 391.70  9.71
-71.1210 42.2166 21.7  0.40771   0.0  6.20 1 0.5070 6.164  91.3  3.0480  8 307 17.4 395.24 21.46
-71.1250 42.2134 27.5  0.62356   0.0  6.20 1 0.5070 6.879  77.7  3.2721  8 307 17.4 390.39  9.93
-71.1208 42.2183 30.1  0.61470   0.0  6.20 0 0.5070 6.618  80.8  3.2721  8 307 17.4 396.90  7.60
-71.1100 42.2060 44.8  0.31533   0.0  6.20 0 0.5040 8.266  78.3  2.8944  8 307 17.4 385.05  4.14
-71.1012 42.1975 50.0  0.52693   0.0  6.20 0 0.5040 8.725  83.0  2.8944  8 307 17.4 382.00  4.63
-71.1215 42.2025 37.6  0.38214   0.0  6.20 0 0.5040 8.040  86.5  3.2157  8 307 17.4 387.38  3.13
-71.1160 42.1947 31.6  0.41238   0.0  6.20 0 0.5040 7.163  79.9  3.2157  8 307 17.4 372.08  6.36
-71.1100 42.1850 46.7  0.29819   0.0  6.20 0 0.5040 7.686  17.0  3.3751  8 307 17.4 377.51  3.92
-71.1190 42.1807 31.5  0.44178   0.0  6.20 0 0.5040 6.552  21.4  3.3751  8 307 17.4 380.34  3.76
-71.1300 42.1880 24.3  0.53700   0.0  6.20 0 0.5040 5.981  68.1  3.6715  8 307 17.4 378.35 11.65
-71.1285 42.1930 31.7  0.46296   0.0  6.20 0 0.5040 7.412  76.9  3.6715  8 307 17.4 376.14  5.25
-71.1400 42.1946 41.7  0.57529   0.0  6.20 0 0.5070 8.337  73.3  3.8384  8 307 17.4 385.91  2.47
-71.1340 42.2040 48.3  0.33147   0.0  6.20 0 0.5070 8.247  70.4  3.6519  8 307 17.4 378.95  3.95
-71.1320 42.2142 29.0  0.44791   0.0  6.20 1 0.5070 6.726  66.5  3.6519  8 307 17.4 360.20  8.05
-71.1380 42.2141 24.0  0.33045   0.0  6.20 0 0.5070 6.086  61.5  3.6519  8 307 17.4 376.75 10.88
-71.1485 42.2110 25.1  0.52058   0.0  6.20 1 0.5070 6.631  76.5  4.1480  8 307 17.4 388.45  9.54
-71.1491 42.2030 31.5  0.51183   0.0  6.20 0 0.5070 7.358  71.6  4.1480  8 307 17.4 390.07  4.73
-71.2055 42.1875 23.7  0.08244  30.0  4.93 0 0.4280 6.481  18.5  6.1899  6 300 16.6 379.41  6.36
-71.2035 42.1870 23.3  0.09252  30.0  4.93 0 0.4280 6.606  42.2  6.1899  6 300 16.6 383.78  7.37
-71.1966 42.1640 27.0  0.11329  30.0  4.93 0 0.4280 6.897  54.3  6.3361  6 300 16.6 391.25 11.38
-71.2138 42.1645 20.1  0.10612  30.0  4.93 0 0.4280 6.095  65.1  6.3361  6 300 16.6 394.62 12.40
-71.2200 42.1782 22.2  0.10290  30.0  4.93 0 0.4280 6.358  52.9  7.0355  6 300 16.6 372.75 11.22
-71.2320 42.1725 23.7  0.12757  30.0  4.93 0 0.4280 6.393   7.8  7.0355  6 300 16.6 374.71  5.19
-71.2435 42.1630 17.6  0.20608  22.0  5.86 0 0.4310 5.593  76.5  7.9549  7 330 19.1 372.49 12.50
-71.2575 42.1618 18.5  0.19133  22.0  5.86 0 0.4310 5.605  70.2  7.9549  7 330 19.1 389.13 18.46
-71.2620 42.1690 24.3  0.33983  22.0  5.86 0 0.4310 6.108  34.9  8.0555  7 330 19.1 390.18  9.16
-71.2470 42.1703 20.5  0.19657  22.0  5.86 0 0.4310 6.226  79.2  8.0555  7 330 19.1 376.14 10.15
-71.2550 42.1767 24.5  0.16439  22.0  5.86 0 0.4310 6.433  49.1  7.8265  7 330 19.1 374.71  9.52
-71.2475 42.1825 26.2  0.19073  22.0  5.86 0 0.4310 6.718  17.5  7.8265  7 330 19.1 393.74  6.56
-71.2380 42.1910 24.4  0.14030  22.0  5.86 0 0.4310 6.487  13.0  7.3967  7 330 19.1 396.28  5.90
-71.2435 42.1982 24.8  0.21409  22.0  5.86 0 0.4310 6.438   8.9  7.3967  7 330 19.1 377.07  3.59
-71.2685 42.1935 29.6  0.08221  22.0  5.86 0 0.4310 6.957   6.8  8.9067  7 330 19.1 386.09  3.53
-71.2807 42.1727 42.8  0.36894  22.0  5.86 0 0.4310 8.259   8.4  8.9067  7 330 19.1 396.90  3.54
-71.2895 42.1575 21.9  0.04819  80.0  3.64 0 0.3920 6.108  32.0  9.2203  1 315 16.4 392.89  6.57
-71.2690 42.1482 20.9  0.03548  80.0  3.64 0 0.3920 5.876  19.1  9.2203  1 315 16.4 395.18  9.25
-71.2230 42.1450 44.0  0.01538  90.0  3.75 0 0.3940 7.454  34.2  6.3361  3 244 15.9 386.34  3.11
-71.0679 42.2073 50.0  0.61154  20.0  3.97 0 0.6470 8.704  86.9  1.8010  5 264 13.0 389.70  5.12
-71.0727 42.2077 36.0  0.66351  20.0  3.97 0 0.6470 7.333 100.0  1.8946  5 264 13.0 383.29  7.79
-71.0765 42.2075 30.1  0.65665  20.0  3.97 0 0.6470 6.842 100.0  2.0107  5 264 13.0 391.93  6.90
-71.0800 42.2040 33.8  0.54011  20.0  3.97 0 0.6470 7.203  81.8  2.1121  5 264 13.0 392.80  9.59
-71.0790 42.2020 43.1  0.53412  20.0  3.97 0 0.6470 7.520  89.4  2.1398  5 264 13.0 388.37  7.26
-71.0835 42.2000 48.8  0.52014  20.0  3.97 0 0.6470 8.398  91.5  2.2885  5 264 13.0 386.86  5.91
-71.0750 42.1980 31.0  0.82526  20.0  3.97 0 0.6470 7.327  94.5  2.0788  5 264 13.0 393.42 11.25
-71.0710 42.2030 36.5  0.55007  20.0  3.97 0 0.6470 7.206  91.6  1.9301  5 264 13.0 387.89  8.10
-71.0700 42.2000 22.8  0.76162  20.0  3.97 0 0.6470 5.560  62.8  1.9865  5 264 13.0 392.40 10.45
-71.0725 42.1965 30.7  0.78570  20.0  3.97 0 0.6470 7.014  84.6  2.1329  5 264 13.0 384.07 14.79
-71.0850 42.1925 50.0  0.57834  20.0  3.97 0 0.5750 8.297  67.0  2.4216  5 264 13.0 384.54  7.44
-71.0925 42.2075 43.5  0.54050  20.0  3.97 0 0.5750 7.470  52.6  2.8720  5 264 13.0 390.30  3.16
-71.0980 42.1540 20.7  0.09065  20.0  6.96 1 0.4640 5.920  61.5  3.9175  3 223 18.6 391.34 13.65
-71.0870 42.1410 21.1  0.29916  20.0  6.96 0 0.4640 5.856  42.1  4.4290  3 223 18.6 388.65 13.00
-71.0940 42.1355 25.2  0.16211  20.0  6.96 0 0.4640 6.240  16.3  4.4290  3 223 18.6 396.90  6.59
-71.0982 42.1445 24.4  0.11460  20.0  6.96 0 0.4640 6.538  58.7  3.9175  3 223 18.6 394.96  7.73
-71.1170 42.1510 35.2  0.22188  20.0  6.96 1 0.4640 7.691  51.8  4.3665  3 223 18.6 390.77  6.58
-71.1305 42.1675 32.4  0.05644  40.0  6.41 1 0.4470 6.758  32.9  4.0776  4 254 17.6 396.90  3.53
-71.1380 42.1733 32.0  0.09604  40.0  6.41 0 0.4470 6.854  42.8  4.2673  4 254 17.6 396.90  2.98
-71.1405 42.1632 33.2  0.10469  40.0  6.41 1 0.4470 7.267  49.0  4.7872  4 254 17.6 389.25  6.05
-71.1495 42.1730 33.1  0.06127  40.0  6.41 1 0.4470 6.826  27.6  4.8628  4 254 17.6 393.45  4.16
-71.1395 42.1813 29.1  0.07978  40.0  6.41 0 0.4470 6.482  32.1  4.1403  4 254 17.6 396.90  7.19
-71.1480 42.1880 35.1  0.21038  20.0  3.33 0 0.4429 6.812  32.2  4.1007  5 216 14.9 396.90  4.85
-71.1660 42.1870 45.4  0.03578  20.0  3.33 0 0.4429 7.820  64.5  4.6947  5 216 14.9 387.31  3.76
-71.1850 42.1848 35.4  0.03705  20.0  3.33 0 0.4429 6.968  37.2  5.2447  5 216 14.9 392.23  4.59
-71.1775 42.1735 46.0  0.06129  20.0  3.33 1 0.4429 7.645  49.7  5.2119  5 216 14.9 377.07  3.01
-71.1730 42.1475 50.0  0.01501  90.0  1.21 1 0.4010 7.923  24.8  5.8850  1 198 13.6 395.52  3.16
-71.1800 42.1105 32.2  0.00906  90.0  2.97 0 0.4000 7.088  20.8  7.3073  1 285 15.3 394.72  7.85
-71.2135 42.1000 22.0  0.01096  55.0  2.25 0 0.3890 6.453  31.9  7.3073  1 300 15.3 394.72  8.23
-71.1950 42.0675 20.1  0.01965  80.0  1.76 0 0.3850 6.230  31.5  9.0892  1 241 18.2 341.60 12.93
-71.1480 42.0775 23.2  0.03871  52.5  5.32 0 0.4050 6.209  31.3  7.3172  6 293 16.6 396.90  7.14
-71.1325 42.0940 22.3  0.04590  52.5  5.32 0 0.4050 6.315  45.6  7.3172  6 293 16.6 396.90  7.60
-71.1550 42.0980 24.8  0.04297  52.5  5.32 0 0.4050 6.565  22.9  7.3172  6 293 16.6 371.72  9.51
-71.1385 42.1235 28.5  0.03502  80.0  4.95 0 0.4110 6.861  27.9  5.1167  4 245 19.2 396.90  3.33
-71.1330 42.1408 37.3  0.07886  80.0  4.95 0 0.4110 7.148  27.7  5.1167  4 245 19.2 396.90  3.56
-71.1070 42.1307 27.9  0.03615  80.0  4.95 0 0.4110 6.630  23.4  5.1167  4 245 19.2 396.90  4.70
-71.1090 42.1100 23.9  0.08265   0.0 13.92 0 0.4370 6.127  18.4  5.5027  4 289 16.0 396.90  8.58
-71.1180 42.1217 21.7  0.08199   0.0 13.92 0 0.4370 6.009  42.3  5.5027  4 289 16.0 396.90 10.40
-71.1309 42.1166 28.6  0.12932   0.0 13.92 0 0.4370 6.678  31.1  5.9604  4 289 16.0 396.90  6.27
-71.1280 42.1108 27.1  0.05372   0.0 13.92 0 0.4370 6.549  51.0  5.9604  4 289 16.0 392.85  7.39
-71.1210 42.1025 20.3  0.14103   0.0 13.92 0 0.4370 5.790  58.0  6.3200  4 289 16.0 396.90 15.84
-71.1200 42.0725 22.5  0.06466  70.0  2.24 0 0.4000 6.345  20.1  7.8278  5 358 14.8 368.24  4.97
-71.1000 42.0590 29.0  0.05561  70.0  2.24 0 0.4000 7.041  10.0  7.8278  5 358 14.8 371.58  4.74
-71.1035 42.0735 24.8  0.04417  70.0  2.24 0 0.4000 6.871  47.4  7.8278  5 358 14.8 390.86  6.07
-71.0875 42.0950 22.0  0.03537  34.0  6.09 0 0.4330 6.590  40.4  5.4917  7 329 16.1 395.75  9.50
-71.0625 42.1020 26.4  0.09266  34.0  6.09 0 0.4330 6.495  18.4  5.4917  7 329 16.1 383.61  8.67
-71.0865 42.1200 33.1  0.10000  34.0  6.09 0 0.4330 6.982  17.7  5.4917  7 329 16.1 390.43  4.86
-71.0465 42.1450 36.1  0.05515  33.0  2.18 0 0.4720 7.236  41.1  4.0220  7 222 18.4 393.68  6.93
-71.0570 42.1525 28.4  0.05479  33.0  2.18 0 0.4720 6.616  58.1  3.3700  7 222 18.4 393.36  8.93
-71.0450 42.1590 33.4  0.07503  33.0  2.18 0 0.4720 7.420  71.9  3.0992  7 222 18.4 396.90  6.47
-71.0280 42.1565 28.2  0.04932  33.0  2.18 0 0.4720 6.849  70.3  3.1827  7 222 18.4 396.90  7.53
-71.0138 42.1555 22.8  0.49298   0.0  9.90 0 0.5440 6.635  82.5  3.3175  4 304 18.4 396.90  4.54
-71.0201 42.1600 20.3  0.34940   0.0  9.90 0 0.5440 5.972  76.7  3.1025  4 304 18.4 396.24  9.97
-71.0160 42.1760 16.1  2.63548   0.0  9.90 0 0.5440 4.973  37.8  2.5194  4 304 18.4 350.45 12.64
-71.0075 42.1780 22.1  0.79041   0.0  9.90 0 0.5440 6.122  52.8  2.6403  4 304 18.4 396.90  5.98
-71.0150 42.1670 19.4  0.26169   0.0  9.90 0 0.5440 6.023  90.4  2.8340  4 304 18.4 396.30 11.72
-71.0075 42.1613 21.6  0.26938   0.0  9.90 0 0.5440 6.266  82.8  3.2628  4 304 18.4 393.39  7.90
-71.0000 42.1530 23.8  0.36920   0.0  9.90 0 0.5440 6.567  87.3  3.6023  4 304 18.4 395.69  9.28
-70.9795 42.1580 16.2  0.25356   0.0  9.90 0 0.5440 5.705  77.7  3.9450  4 304 18.4 396.42 11.50
-70.9880 42.1485 17.8  0.31827   0.0  9.90 0 0.5440 5.914  83.2  3.9986  4 304 18.4 390.70 18.33
-71.0040 42.1425 19.8  0.24522   0.0  9.90 0 0.5440 5.782  71.7  4.0317  4 304 18.4 396.90 15.94
-71.0100 42.1500 23.1  0.40202   0.0  9.90 0 0.5440 6.382  67.2  3.5325  4 304 18.4 395.21 10.36
-71.0200 42.1510 21.0  0.47547   0.0  9.90 0 0.5440 6.113  58.8  4.0019  4 304 18.4 396.23 12.73
-71.0085 42.1290 23.8  0.16760   0.0  7.38 0 0.4930 6.426  52.3  4.5404  5 287 19.6 396.90  7.20
-70.9975 42.1340 23.1  0.18159   0.0  7.38 0 0.4930 6.376  54.3  4.5404  5 287 19.6 396.90  6.87
-70.9900 42.1367 20.4  0.35114   0.0  7.38 0 0.4930 6.041  49.9  4.7211  5 287 19.6 396.90  7.70
-70.9834 42.1375 18.5  0.28392   0.0  7.38 0 0.4930 5.708  74.3  4.7211  5 287 19.6 391.13 11.74
-70.9895 42.1265 25.0  0.34109   0.0  7.38 0 0.4930 6.415  40.1  4.7211  5 287 19.6 396.90  6.12
-71.0000 42.1066 24.6  0.19186   0.0  7.38 0 0.4930 6.431  14.7  5.4159  5 287 19.6 393.68  5.08
-70.9995 42.1175 23.0  0.30347   0.0  7.38 0 0.4930 6.312  28.9  5.4159  5 287 19.6 396.90  6.15
-71.0100 42.1215 22.2  0.24103   0.0  7.38 0 0.4930 6.083  43.7  5.4159  5 287 19.6 396.90 12.79
-71.0275 42.1130 19.3  0.06617   0.0  3.24 0 0.4600 5.868  25.8  5.2146  4 430 16.9 382.44  9.97
-71.0415 42.1150 22.6  0.06724   0.0  3.24 0 0.4600 6.333  17.2  5.2146  4 430 16.9 375.21  7.34
-71.0250 42.0980 19.8  0.04544   0.0  3.24 0 0.4600 6.144  32.2  5.8736  4 430 16.9 368.57  9.09
-71.0115 42.0865 17.1  0.05023  35.0  6.06 0 0.4379 5.706  28.4  6.6407  1 304 16.9 394.02 12.43
-70.9960 42.0895 19.4  0.03466  35.0  6.06 0 0.4379 6.031  23.3  6.6407  1 304 16.9 362.25  7.83
-70.9795 42.0995 22.2  0.05083   0.0  5.19 0 0.5150 6.316  38.1  6.4584  5 224 20.2 389.71  5.68
-70.9650 42.1010 20.7  0.03738   0.0  5.19 0 0.5150 6.310  38.5  6.4584  5 224 20.2 389.40  6.75
-70.9700 42.1150 21.1  0.03961   0.0  5.19 0 0.5150 6.037  34.5  5.9853  5 224 20.2 396.90  8.01
-70.9760 42.1280 19.5  0.03427   0.0  5.19 0 0.5150 5.869  46.3  5.2311  5 224 20.2 396.90  9.80
-70.9602 42.1270 18.5  0.03041   0.0  5.19 0 0.5150 5.895  59.6  5.6150  5 224 20.2 394.81 10.56
-70.9633 42.1374 20.6  0.03306   0.0  5.19 0 0.5150 6.059  37.3  4.8122  5 224 20.2 396.14  8.51
-70.9675 42.1440 19.0  0.05497   0.0  5.19 0 0.5150 5.985  45.4  4.8122  5 224 20.2 396.90  9.74
-70.9650 42.1503 18.7  0.06151   0.0  5.19 0 0.5150 5.968  58.5  4.8122  5 224 20.2 396.90  9.29
-70.8875 42.1465 32.7  0.01301  35.0  1.52 0 0.4420 7.241  49.3  7.0379  1 284 15.5 394.74  5.49
-70.9150 42.1600 16.5  0.02498   0.0  1.89 0 0.5180 6.540  59.7  6.2669  1 422 15.9 389.96  8.65
-70.9370 42.1475 23.9  0.02543  55.0  3.78 0 0.4840 6.696  56.4  5.7321  5 370 17.6 396.90  7.18
-70.9325 42.1230 31.2  0.03049  55.0  3.78 0 0.4840 6.874  28.1  6.4654  5 370 17.6 387.97  4.61
-70.9470 42.0725 17.5  0.03113   0.0  4.39 0 0.4420 6.014  48.5  8.0136  3 352 18.8 385.64 10.53
-70.9501 42.0825 17.2  0.06162   0.0  4.39 0 0.4420 5.898  52.3  8.0136  3 352 18.8 364.61 12.67
-70.9275 42.0795 23.1  0.01870  85.0  4.15 0 0.4290 6.516  27.7  8.5353  4 351 17.9 392.43  6.36
-70.9200 42.1016 24.5  0.01501  80.0  2.01 0 0.4350 6.635  29.7  8.3440  4 280 17.0 390.94  5.99
-70.8550 42.1300 26.6  0.02899  40.0  1.25 0 0.4290 6.939  34.5  8.7921  1 335 19.7 389.85  5.89
-70.8330 42.1150 22.9  0.06211  40.0  1.25 0 0.4290 6.490  44.4  8.7921  1 335 19.7 396.90  5.98
-70.8300 42.0775 24.1  0.07950  60.0  1.69 0 0.4110 6.579  35.9 10.7103  4 411 18.3 370.78  5.49
-70.8100 42.0590 18.6  0.07244  60.0  1.69 0 0.4110 5.884  18.5 10.7103  4 411 18.3 392.33  7.79
-70.8300 42.0485 30.1  0.01709  90.0  2.02 0 0.4100 6.728  36.1 12.1265  5 187 17.0 384.46  4.50
-70.8530 42.0520 18.2  0.04301  80.0  1.91 0 0.4130 5.663  21.9 10.5857  4 334 22.0 382.80  8.05
-70.8525 42.0300 20.6  0.10659  80.0  1.91 0 0.4130 5.936  19.5 10.5857  4 334 22.0 376.04  5.57
-71.0830 42.2172 17.8  8.98296   0.0 18.10 1 0.7700 6.212  97.4  2.1222 24 666 20.2 377.73 17.60
-71.0950 42.2120 21.7  3.84970   0.0 18.10 1 0.7700 6.395  91.0  2.5052 24 666 20.2 391.34 13.27
-71.1007 42.2100 22.7  5.20177   0.0 18.10 1 0.7700 6.127  83.4  2.7227 24 666 20.2 395.43 11.48
-71.0930 42.2070 22.6  4.26131   0.0 18.10 0 0.7700 6.112  81.3  2.5091 24 666 20.2 390.74 12.67
-71.0905 42.2033 25.0  4.54192   0.0 18.10 0 0.7700 6.398  88.0  2.5182 24 666 20.2 374.56  7.79
-71.0865 42.2100 19.9  3.83684   0.0 18.10 0 0.7700 6.251  91.1  2.2955 24 666 20.2 350.65 14.19
-71.0810 42.2080 20.8  3.67822   0.0 18.10 0 0.7700 5.362  96.2  2.1036 24 666 20.2 380.79 10.19
-71.0865 42.2150 16.8  4.22239   0.0 18.10 1 0.7700 5.803  89.0  1.9047 24 666 20.2 353.04 14.64
-71.0590 42.2098 21.9  3.47428   0.0 18.10 1 0.7180 8.780  82.9  1.9047 24 666 20.2 354.55  5.29
-71.0595 42.2075 27.5  4.55587   0.0 18.10 0 0.7180 3.561  87.9  1.6132 24 666 20.2 354.70  7.12
-71.0540 42.2052 21.9  3.69695   0.0 18.10 0 0.7180 4.963  91.4  1.7523 24 666 20.2 316.03 14.00
-71.0508 42.2070 23.1 13.52220   0.0 18.10 0 0.6310 3.863 100.0  1.5106 24 666 20.2 131.42 13.33
-71.0480 42.2105 50.0  4.89822   0.0 18.10 0 0.6310 4.970 100.0  1.3325 24 666 20.2 375.52  3.26
-71.0497 42.2125 50.0  5.66998   0.0 18.10 1 0.6310 6.683  96.8  1.3567 24 666 20.2 375.33  3.73
-71.0422 42.2144 50.0  6.53876   0.0 18.10 1 0.6310 7.016  97.5  1.2024 24 666 20.2 392.05  2.96
-71.0417 42.2160 50.0  9.23230   0.0 18.10 0 0.6310 6.216 100.0  1.1691 24 666 20.2 366.15  9.53
-71.0397 42.2182 50.0  8.26725   0.0 18.10 1 0.6680 5.875  89.6  1.1296 24 666 20.2 347.88  8.88
-71.0339 42.2207 13.8 11.10810   0.0 18.10 0 0.6680 4.906 100.0  1.1742 24 666 20.2 396.90 34.77
-71.0346 42.2187 13.8 18.49820   0.0 18.10 0 0.6680 4.138 100.0  1.1370 24 666 20.2 396.90 37.97
-71.0367 42.2240 15.0 19.60910   0.0 18.10 0 0.6710 7.313  97.9  1.3163 24 666 20.2 396.90 13.44
-71.0340 42.2260 13.9 15.28800   0.0 18.10 0 0.6710 6.649  93.3  1.3449 24 666 20.2 363.02 23.24
-71.0380 42.2265 13.3  9.82349   0.0 18.10 0 0.6710 6.794  98.8  1.3580 24 666 20.2 396.90 21.24
-71.0400 42.2248 13.1 23.64820   0.0 18.10 0 0.6710 6.380  96.2  1.3861 24 666 20.2 396.90 23.69
-71.0400 42.2275 10.2 17.86670   0.0 18.10 0 0.6710 6.223 100.0  1.3861 24 666 20.2 393.74 21.78
-71.0460 42.2300 10.4 88.97620   0.0 18.10 0 0.6710 6.968  91.9  1.4165 24 666 20.2 396.90 17.21
-71.0410 42.2290 10.9 15.87440   0.0 18.10 0 0.6710 6.545  99.1  1.5192 24 666 20.2 396.90 21.08
-71.0230 42.2287 11.3  9.18702   0.0 18.10 0 0.7000 5.536 100.0  1.5804 24 666 20.2 396.90 23.60
-71.0215 42.2270 12.3  7.99248   0.0 18.10 0 0.7000 5.520 100.0  1.5331 24 666 20.2 396.90 24.56
-71.0245 42.2235  8.8 20.08490   0.0 18.10 0 0.7000 4.368  91.2  1.4395 24 666 20.2 285.83 30.63
-71.0235 42.2213  7.2 16.81180   0.0 18.10 0 0.7000 5.277  98.1  1.4261 24 666 20.2 396.90 30.81
-71.0228 42.2231 10.5 24.39380   0.0 18.10 0 0.7000 4.652 100.0  1.4672 24 666 20.2 396.90 28.28
-71.0215 42.2248  7.4 22.59710   0.0 18.10 0 0.7000 5.000  89.5  1.5184 24 666 20.2 396.90 31.99
-71.0195 42.2255 10.2 14.33370   0.0 18.10 0 0.7000 4.880 100.0  1.5895 24 666 20.2 372.92 30.62
-71.0168 42.2281 11.5  8.15174   0.0 18.10 0 0.7000 5.390  98.9  1.7281 24 666 20.2 396.90 20.85
-71.0109 42.2300 15.1  6.96215   0.0 18.10 0 0.7000 5.713  97.0  1.9265 24 666 20.2 394.43 17.11
-71.0035 42.2330 23.2  5.29305   0.0 18.10 0 0.7000 6.051  82.5  2.1678 24 666 20.2 378.38 18.76
-71.0200 42.2205  9.7 11.57790   0.0 18.10 0 0.7000 5.036  97.0  1.7700 24 666 20.2 396.90 25.68
-71.0167 42.2010 13.8  8.64476   0.0 18.10 0 0.6930 6.193  92.6  1.7912 24 666 20.2 396.90 15.17
-71.0200 42.1993 12.7 13.35980   0.0 18.10 0 0.6930 5.887  94.7  1.7821 24 666 20.2 396.90 16.35
-71.0220 42.1996 13.1  8.71675   0.0 18.10 0 0.6930 6.471  98.8  1.7257 24 666 20.2 391.98 17.12
-71.0260 42.1993 12.5  5.87205   0.0 18.10 0 0.6930 6.405  96.0  1.6768 24 666 20.2 396.90 19.37
-71.0250 42.2024  8.5  7.67202   0.0 18.10 0 0.6930 5.747  98.9  1.6334 24 666 20.2 393.10 19.92
-71.0230 42.2090  5.0 38.35180   0.0 18.10 0 0.6930 5.453 100.0  1.4896 24 666 20.2 396.90 30.59
-71.0330 42.2032  6.3  9.91655   0.0 18.10 0 0.6930 5.852  77.8  1.5004 24 666 20.2 338.16 29.97
-71.0326 42.2011  5.6 25.04610   0.0 18.10 0 0.6930 5.987 100.0  1.5888 24 666 20.2 396.90 26.77
-71.0300 42.2015  7.2 14.23620   0.0 18.10 0 0.6930 6.343 100.0  1.5741 24 666 20.2 396.90 20.32
-71.0300 42.1988 12.1  9.59571   0.0 18.10 0 0.6930 6.404 100.0  1.6390 24 666 20.2 376.11 20.31
-71.0332 42.1980  8.3 24.80170   0.0 18.10 0 0.6930 5.349  96.0  1.7028 24 666 20.2 396.90 19.77
-71.0345 42.2001  8.5 41.52920   0.0 18.10 0 0.6930 5.531  85.4  1.6074 24 666 20.2 329.46 27.38
-71.0320 42.2057  5.0 67.92080   0.0 18.10 0 0.6930 5.683 100.0  1.4254 24 666 20.2 384.97 22.98
-71.0390 42.2198 11.9 20.71620   0.0 18.10 0 0.6590 4.138 100.0  1.1781 24 666 20.2 370.22 23.34
-71.0427 42.2090 27.9 11.95110   0.0 18.10 0 0.6590 5.608 100.0  1.2852 24 666 20.2 332.09 12.13
-71.0437 42.2050 17.2  7.40389   0.0 18.10 0 0.5970 5.617  97.9  1.4547 24 666 20.2 314.64 26.40
-71.0455 42.2060 27.5 14.43830   0.0 18.10 0 0.5970 6.852 100.0  1.4655 24 666 20.2 179.36 19.78
-71.0462 42.2075 15.0 51.13580   0.0 18.10 0 0.5970 5.757 100.0  1.4130 24 666 20.2   2.60 10.11
-71.0487 42.2048 17.2 14.05070   0.0 18.10 0 0.5970 6.657 100.0  1.5275 24 666 20.2  35.05 21.22
-71.0470 42.2030 17.9 18.81100   0.0 18.10 0 0.5970 4.628 100.0  1.5539 24 666 20.2  28.79 34.37
-71.0451 42.2015 16.3 28.65580   0.0 18.10 0 0.5970 5.155 100.0  1.5894 24 666 20.2 210.97 20.08
-71.0420 42.1985  7.0 45.74610   0.0 18.10 0 0.6930 4.519 100.0  1.6582 24 666 20.2  88.27 36.98
-71.0455 42.1953  7.2 18.08460   0.0 18.10 0 0.6790 6.434 100.0  1.8347 24 666 20.2  27.25 29.05
-71.0477 42.1965  7.5 10.83420   0.0 18.10 0 0.6790 6.782  90.8  1.8195 24 666 20.2  21.57 25.79
-71.0498 42.2007 10.4 25.94060   0.0 18.10 0 0.6790 5.304  89.1  1.6475 24 666 20.2 127.36 26.64
-71.0525 42.1989  8.8 73.53410   0.0 18.10 0 0.6790 5.957 100.0  1.8026 24 666 20.2  16.45 20.62
-71.0586 42.1999  8.4 11.81230   0.0 18.10 0 0.7180 6.824  76.5  1.7940 24 666 20.2  48.45 22.74
-71.0618 42.1990 16.7 11.08740   0.0 18.10 0 0.7180 6.411 100.0  1.8589 24 666 20.2 318.75 15.02
-71.0650 42.2018 14.2  7.02259   0.0 18.10 0 0.7180 6.006  95.3  1.8746 24 666 20.2 319.98 15.70
-71.0665 42.1970 20.8 12.04820   0.0 18.10 0 0.6140 5.648  87.6  1.9512 24 666 20.2 291.55 14.10
-71.0619 42.1948 13.4  7.05042   0.0 18.10 0 0.6140 6.103  85.1  2.0218 24 666 20.2   2.52 23.29
-71.0590 42.1920 11.7  8.79212   0.0 18.10 0 0.5840 5.565  70.6  2.0635 24 666 20.2   3.65 17.16
-71.0577 42.1967  8.3 15.86030   0.0 18.10 0 0.6790 5.896  95.4  1.9096 24 666 20.2   7.68 24.39
-71.0558 42.1937 10.2 12.24720   0.0 18.10 0 0.5840 5.837  59.7  1.9976 24 666 20.2  24.65 15.69
-71.0542 42.1961 10.9 37.66190   0.0 18.10 0 0.6790 6.202  78.7  1.8629 24 666 20.2  18.82 14.52
-71.0521 42.1940 11.0  7.36711   0.0 18.10 0 0.6790 6.193  78.1  1.9356 24 666 20.2  96.73 21.52
-71.0485 42.1920  9.5  9.33889   0.0 18.10 0 0.6790 6.380  95.6  1.9682 24 666 20.2  60.72 24.08
-71.0547 42.1890 14.5  8.49213   0.0 18.10 0 0.5840 6.348  86.1  2.0527 24 666 20.2  83.45 17.64
-71.0505 42.1880 14.1 10.06230   0.0 18.10 0 0.5840 6.833  94.3  2.0882 24 666 20.2  81.33 19.69
-71.0520 42.1854 16.1  6.44405   0.0 18.10 0 0.5840 6.425  74.8  2.2004 24 666 20.2  97.95 12.03
-71.0495 42.1815 14.3  5.58107   0.0 18.10 0 0.7130 6.436  87.9  2.3158 24 666 20.2 100.19 16.22
-71.0475 42.1842 11.7 13.91340   0.0 18.10 0 0.7130 6.208  95.0  2.2222 24 666 20.2 100.63 15.17
-71.0460 42.1867 13.4 11.16040   0.0 18.10 0 0.7400 6.629  94.6  2.1247 24 666 20.2 109.85 23.27
-71.0455 42.1893  9.6 14.42080   0.0 18.10 0 0.7400 6.461  93.3  2.0026 24 666 20.2  27.49 18.05
-71.0445 42.1917  8.2 15.17720   0.0 18.10 0 0.7400 6.152 100.0  1.9142 24 666 20.2   9.32 26.45
-71.0445 42.1938  8.4 13.67810   0.0 18.10 0 0.7400 5.935  87.9  1.8206 24 666 20.2  68.95 34.02
-71.0370 42.1940 12.8  9.39063   0.0 18.10 0 0.7400 5.627  93.9  1.8172 24 666 20.2 396.90 22.88
-71.0321 42.1925 10.5 22.05110   0.0 18.10 0 0.7400 5.818  92.4  1.8662 24 666 20.2 391.45 22.11
-71.0345 42.1850 17.1  9.72418   0.0 18.10 0 0.7400 6.406  97.2  2.0651 24 666 20.2 385.96 19.52
-71.0340 42.1890 14.8  5.66637   0.0 18.10 0 0.7400 6.219 100.0  2.0048 24 666 20.2 395.69 16.59
-71.0378 42.1892 15.4  9.96654   0.0 18.10 0 0.7400 6.485 100.0  1.9784 24 666 20.2 386.73 18.85
-71.0405 42.1920 10.8 12.80230   0.0 18.10 0 0.7400 5.854  96.6  1.8956 24 666 20.2 240.52 23.79
-71.0425 42.1890 11.8 10.67180   0.0 18.10 0 0.7400 6.459  94.8  1.9879 24 666 20.2  43.06 23.98
-71.0390 42.1868 14.9  6.28807   0.0 18.10 0 0.7400 6.341  96.4  2.0720 24 666 20.2 318.01 17.79
-71.0370 42.1840 12.6  9.92485   0.0 18.10 0 0.7400 6.251  96.6  2.1980 24 666 20.2 388.52 16.44
-71.0400 42.1820 14.1  9.32909   0.0 18.10 0 0.7130 6.185  98.7  2.2616 24 666 20.2 396.90 18.13
-71.0428 42.1845 13.0  7.52601   0.0 18.10 0 0.7130 6.417  98.3  2.1850 24 666 20.2 304.21 19.31
-71.0460 42.1810 13.4  6.71772   0.0 18.10 0 0.7130 6.749  92.6  2.3236 24 666 20.2   0.32 17.44
-71.0410 42.1795 15.2  5.44114   0.0 18.10 0 0.7130 6.655  98.2  2.3552 24 666 20.2 355.29 17.73
-71.0340 42.1790 16.1  5.09017   0.0 18.10 0 0.7130 6.297  91.8  2.3682 24 666 20.2 385.09 17.27
-71.0400 42.1770 17.8  8.24809   0.0 18.10 0 0.7130 7.393  99.3  2.4527 24 666 20.2 375.87 16.74
-71.0455 42.1768 14.4  9.51363   0.0 18.10 0 0.7130 6.728  94.1  2.4961 24 666 20.2   6.68 18.71
-71.0510 42.1780 14.1  4.75237   0.0 18.10 0 0.7130 6.525  86.5  2.4358 24 666 20.2  50.92 18.13
-71.0517 42.1735 12.7  4.66883   0.0 18.10 0 0.7130 5.976  87.9  2.5806 24 666 20.2  10.48 19.01
-71.0515 42.1700 13.5  8.20058   0.0 18.10 0 0.7130 5.936  80.3  2.7792 24 666 20.2   3.50 16.94
-71.0475 42.1690 14.9  7.75223   0.0 18.10 0 0.7130 6.301  83.7  2.7831 24 666 20.2 272.21 16.23
-71.0430 42.1690 20.0  6.80117   0.0 18.10 0 0.7130 6.081  84.4  2.7175 24 666 20.2 396.90 14.70
-71.0430 42.1728 16.4  4.81213   0.0 18.10 0 0.7130 6.701  90.0  2.5975 24 666 20.2 255.23 16.42
-71.0350 42.1745 17.7  3.69311   0.0 18.10 0 0.7130 6.376  88.4  2.5671 24 666 20.2 391.43 14.65
-71.0310 42.1695 19.5  6.65492   0.0 18.10 0 0.7130 6.317  83.0  2.7344 24 666 20.2 396.90 13.99
-71.0358 42.1675 20.2  5.82115   0.0 18.10 0 0.7130 6.513  89.9  2.8016 24 666 20.2 393.82 10.29
-71.0450 42.1640 21.4  7.83932   0.0 18.10 0 0.6550 6.209  65.4  2.9634 24 666 20.2 396.90 13.22
-71.0550 42.1650 19.9  3.16360   0.0 18.10 0 0.6550 5.759  48.2  3.0665 24 666 20.2 334.40 14.13
-71.0550 42.1685 19.0  3.77498   0.0 18.10 0 0.6550 5.952  84.7  2.8715 24 666 20.2  22.01 17.15
-71.0660 42.1780 19.1  4.42228   0.0 18.10 0 0.5840 6.003  94.5  2.5403 24 666 20.2 331.29 21.32
-71.0700 42.1680 19.1 15.57570   0.0 18.10 0 0.5800 5.926  71.0  2.9084 24 666 20.2 368.74 18.13
-71.0690 42.1725 20.1 13.07510   0.0 18.10 0 0.5800 5.713  56.7  2.8237 24 666 20.2 396.90 14.76
-71.0740 42.1680 19.9  4.34879   0.0 18.10 0 0.5800 6.167  84.0  3.0334 24 666 20.2 396.90 16.29
-71.0825 42.1698 19.6  4.03841   0.0 18.10 0 0.5320 6.229  90.7  3.0993 24 666 20.2 395.33 12.87
-71.0833 42.1750 23.2  3.56868   0.0 18.10 0 0.5800 6.437  75.0  2.8965 24 666 20.2 393.37 14.36
-71.0732 42.1840 29.8  4.64689   0.0 18.10 0 0.6140 6.980  67.6  2.5329 24 666 20.2 374.68 11.66
-71.0550 42.1830 13.8  8.05579   0.0 18.10 0 0.5840 5.427  95.4  2.4298 24 666 20.2 352.58 18.14
-71.0511 42.1879 13.3  6.39312   0.0 18.10 0 0.5840 6.162  97.4  2.2060 24 666 20.2 302.76 24.10
-71.0565 42.1880 16.7  4.87141   0.0 18.10 0 0.6140 6.484  93.6  2.3053 24 666 20.2 396.21 18.68
-71.0528 42.1920 12.0 15.02340   0.0 18.10 0 0.6140 5.304  97.3  2.1007 24 666 20.2 349.48 24.91
-71.0558 42.1913 14.6 10.23300   0.0 18.10 0 0.6140 6.185  96.7  2.1705 24 666 20.2 379.70 18.03
-71.0670 42.1945 21.4 14.33370   0.0 18.10 0 0.6140 6.229  88.0  1.9512 24 666 20.2 383.32 13.11
-71.1008 42.1740 23.0  5.82401   0.0 18.10 0 0.5320 6.242  64.7  3.4242 24 666 20.2 396.90 10.74
-71.0950 42.1730 23.7  5.70818   0.0 18.10 0 0.5320 6.750  74.9  3.3317 24 666 20.2 393.07  7.74
-71.0900 42.1665 25.0  5.73116   0.0 18.10 0 0.5320 7.061  77.0  3.4106 24 666 20.2 395.28  7.01
-71.0975 42.1608 21.8  2.81838   0.0 18.10 0 0.5320 5.762  40.3  4.0983 24 666 20.2 392.92 10.42
-71.0804 42.1540 20.6  2.37857   0.0 18.10 0 0.5830 5.871  41.9  3.7240 24 666 20.2 370.73 13.34
-71.0750 42.1455 21.2  3.67367   0.0 18.10 0 0.5830 6.312  51.9  3.9917 24 666 20.2 388.62 10.58
-71.0715 42.1550 19.1  5.69175   0.0 18.10 0 0.5830 6.114  79.8  3.5459 24 666 20.2 392.68 14.98
-71.0650 42.1610 20.6  4.83567   0.0 18.10 0 0.5830 5.905  53.2  3.1523 24 666 20.2 388.22 11.45
-71.0189 42.2344 15.2  0.15086   0.0 27.74 0 0.6090 5.454  92.7  1.8209  4 711 20.1 395.09 18.06
-71.0228 42.2335  7.0  0.18337   0.0 27.74 0 0.6090 5.414  98.3  1.7554  4 711 20.1 344.05 23.97
-71.0245 42.2368  8.1  0.20746   0.0 27.74 0 0.6090 5.093  98.0  1.8226  4 711 20.1 318.43 29.68
-71.0160 42.2382 13.6  0.10574   0.0 27.74 0 0.6090 5.983  98.8  1.8681  4 711 20.1 390.11 18.07
-71.0297 42.2447 20.1  0.11132   0.0 27.74 0 0.6090 5.983  83.5  2.1099  4 711 20.1 396.90 13.35
-71.0125 42.2462 21.8  0.17331   0.0  9.69 0 0.5850 5.707  54.0  2.3817  6 391 19.2 396.90 12.01
-71.0125 42.2500 24.5  0.27957   0.0  9.69 0 0.5850 5.926  42.6  2.3817  6 391 19.2 396.90 13.59
-71.0105 42.2547 23.1  0.17899   0.0  9.69 0 0.5850 5.670  28.8  2.7986  6 391 19.2 393.29 17.60
-71.0010 42.2525 19.7  0.28960   0.0  9.69 0 0.5850 5.390  72.9  2.7986  6 391 19.2 396.90 21.14
-70.9947 42.2496 18.3  0.26838   0.0  9.69 0 0.5850 5.794  70.6  2.8927  6 391 19.2 396.90 14.10
-71.0050 42.2455 21.2  0.23912   0.0  9.69 0 0.5850 6.019  65.3  2.4091  6 391 19.2 396.90 12.92
-70.9985 42.2430 17.5  0.17783   0.0  9.69 0 0.5850 5.569  73.5  2.3999  6 391 19.2 395.77 15.10
-70.9920 42.2380 16.8  0.22438   0.0  9.69 0 0.5850 6.027  79.7  2.4982  6 391 19.2 396.90 14.33
-70.9860 42.2312 22.4  0.06263   0.0 11.93 0 0.5730 6.593  69.1  2.4786  1 273 21.0 391.99  9.67
-70.9910 42.2275 20.6  0.04527   0.0 11.93 0 0.5730 6.120  76.7  2.2875  1 273 21.0 396.90  9.08
-70.9948 42.2260 23.9  0.06076   0.0 11.93 0 0.5730 6.976  91.0  2.1675  1 273 21.0 396.90  5.64
-70.9875 42.2240 22.0  0.10959   0.0 11.93 0 0.5730 6.794  89.3  2.3889  1 273 21.0 393.45  6.48
-70.9825 42.2210 19.0  0.04741   0.0 11.93 0 0.5730 6.030  80.8  2.5050  1 273 21.0 396.90  7.88
